color_protocol <- c("#0067AA","#FF7F00","#00A23F","#FF1F1D","#A763AC","#B45B5D","#FF8AB6","#B6B800","#01C1CC","#85D5F8","#FFC981","#C8571B","#727272","#EFC800","#8A5626","#502E91","#59A4CE","#344B2B","#FBE29D","#FDD6E6","#849C8C","#F07C6F","#000101")
